19.6403
14.9182
13.8403
11.6183
10.0000
9.04837
8.18731
7.40818
6.70320
6.06531
4.96585
4.06570
3.32871
2.72532
2.23130
1.90139
1.63654
1.40577
1.33694
1.28696
1.16205
1.05115
0.95112
0.860007
0.706512
0.578443
0.494002
0.456022
0.412502
0.383884
0.320647
0.267827
0.230014
0.195008
0.164999
0.140000
0.122773
0.115624
0.0946646
0.0822975
0.0673795
0.0551656
0.0499159
0.0408677
0.0369786
0.0334597
0.0292810
0.0273944
0.0261001
0.0249991
0.0226994
0.0185847
0.0162005
0.0148997
0.0136037
0.0111378
0.00911882
0.00746586
0.00611253
0.00500451
0.00409735
0.00348107
0.00299619
0.00257884
0.00221963
0.00191045
0.00161404
0.00134506
0.00113501
0.00106496
0.000907502
0.000748518
0.000612835
0.000501747
0.000410796
0.000353575
0.000319928
0.000283751
0.000241796
0.000197966
0.000162081
0.000132701
0.000108646
8.89519e-05
7.50456e-05
6.14421e-05
5.26726e-05
4.57914e-05
4.39959e-05
4.01690e-05
3.37202e-05
2.76077e-05
2.45889e-05
2.25243e-05
2.23784e-05
2.21557e-05
2.20012e-05
2.17018e-05
2.14859e-05
2.13360e-05
2.12296e-05
2.11448e-05
2.10604e-05
2.09764e-05
2.07676e-05
2.06847e-05
2.06022e-05
2.05199e-05
2.04176e-05
2.02751e-05
2.00734e-05
1.95974e-05
1.93927e-05
1.91997e-05
1.90849e-05
1.79591e-05
1.77591e-05
1.75648e-05
1.74457e-05
1.68305e-05
1.65502e-05
1.60498e-05
1.57792e-05
1.48663e-05
1.47301e-05
1.45952e-05
1.44703e-05
1.42506e-05
1.40496e-05
1.35461e-05
1.33297e-05
1.26000e-05
1.24721e-05
1.23086e-05
1.21302e-05
1.19795e-05
1.18153e-05
1.17094e-05
1.15895e-05
1.12695e-05
1.10529e-05
1.08038e-05
1.05793e-05
9.50004e-06
9.14032e-06
8.97996e-06
8.80039e-06
8.67370e-06
8.52408e-06
8.30033e-06
8.13028e-06
7.97009e-06
7.83966e-06
7.73995e-06
7.60036e-06
7.38016e-06
7.13988e-06
6.99430e-06
6.91779e-06
6.87022e-06
6.83527e-06
6.81071e-06
6.79166e-06
6.77606e-06
6.75982e-06
6.74226e-06
6.71669e-06
6.63127e-06
6.60611e-06
6.58830e-06
6.57185e-06
6.55610e-06
6.53907e-06
6.51492e-06
6.48178e-06
6.43207e-06
6.35979e-06
6.28016e-06
6.16012e-06
6.05991e-06
5.96015e-06
5.80022e-06
5.72015e-06
5.61980e-06
5.53004e-06
5.48817e-06
5.41025e-06
5.38004e-06
5.32012e-06
5.21008e-06
5.10998e-06
4.93324e-06
4.76785e-06
4.41981e-06
4.30982e-06
4.21983e-06
4.00000e-06
3.88218e-06
3.71209e-06
3.54308e-06
3.14211e-06
2.88405e-06
2.77512e-06
2.74093e-06
2.71990e-06
2.70012e-06
2.64004e-06
2.62006e-06
2.59010e-06
2.55001e-06
2.46994e-06
2.33006e-06
2.27299e-06
2.21709e-06
2.15695e-06
2.07010e-06
1.98992e-06
1.90008e-06
1.77997e-06
1.66895e-06
1.58803e-06
1.51998e-06
1.44397e-06
1.41001e-06
1.38098e-06
1.33095e-06
1.29304e-06
1.25094e-06
1.21397e-06
1.16999e-06
1.14797e-06
1.12998e-06
1.11605e-06
1.10395e-06
1.09198e-06
1.07799e-06
1.03499e-06
1.02101e-06
1.00904e-06
9.96502e-07
9.81960e-07
9.63961e-07
9.44023e-07
9.19979e-07
8.80026e-07
8.20038e-07
7.20000e-07
6.25000e-07
5.94994e-07
5.54990e-07
5.20012e-07
4.75017e-07
4.31579e-07
3.90002e-07
3.52994e-07
3.25008e-07
3.05012e-07
2.79989e-07
2.54997e-07
2.31193e-07
2.09610e-07
1.90005e-07
1.61895e-07
1.38000e-07
1.19995e-07
1.04298e-07
8.97969e-08
7.64970e-08
6.51994e-08
5.54982e-08
4.73019e-08
4.03000e-08
3.43998e-08
2.92989e-08
2.49395e-08
2.00104e-08
1.48300e-08
1.04505e-08
7.14527e-09
4.55603e-09
2.49990e-09
1.10000e-10